Bone 0: Spin1
Offset Matrix:
7.56183e-08 0.999996 -0.00282312 -4.18444 
-8.50029e-08 0.00282312 0.999996 0.398076 
1 -7.53779e-08 8.49635e-08 -0.018337 
-0 -0 0 1 

Bone 1: Spin2
Offset Matrix:
-1.64408e-07 0.98073 -0.195369 -3.92032 
-3.82299e-08 0.195369 0.98073 -1.75245 
1 1.68708e-07 5.12053e-09 -0.018338 
0 0 0 1 

Bone 2: Spin3
Offset Matrix:
5.50996e-07 0.814594 -0.580032 -2.37598 
1.19764e-07 0.580032 0.814594 -4.27844 
1 -5.18305e-07 2.21783e-07 -0.0183354 
-0 -0 0 1 

Bone 3: Spin4
Offset Matrix:
4.96343e-07 0.833991 -0.551778 -2.55364 
1.02714e-07 0.551778 0.833991 -5.14103 
1 -4.70621e-07 1.87957e-07 -0.0183355 
-0 -0 0 1 

Bone 4: Head
Offset Matrix:
2.99223e-07 0.967133 0.25427 -6.08114 
-4.28337e-08 -0.25427 0.967133 -2.00897 
1 -3.00279e-07 -3.491e-08 -0.0183357 
-0 0 -0 1 

Bone 5: Jaw
Offset Matrix:
3.01235e-07 0.918889 0.394515 -5.84948 
-1.03157e-07 -0.394515 0.918889 -1.18857 
1 -3.17499e-07 -2.43048e-08 -0.0183357 
-0 0 -0 1 

Bone 6: Upper_Arm_R
Offset Matrix:
-3.94881e-07 -0.381313 0.924446 -0.526889 
0.149829 -0.914011 -0.377009 4.3664 
0.988712 0.138508 0.057132 -1.17795 
-0 0 0 1 

Bone 7: Lower_Arm_R
Offset Matrix:
0.00186554 0.953712 0.300716 -3.83681 
0.0845147 -0.299791 0.950254 -0.905766 
0.99642 0.0236422 -0.0811619 -0.519283 
-0 0 0 1 

Bone 8: Fingers_R
Offset Matrix:
-0.0178417 0.937924 0.346382 -3.88905 
0.0585924 -0.344861 0.936823 -1.30575 
0.998123 0.0370099 -0.0488023 -0.645608 
-0 0 -0 1 

Bone 9: Lower_Fingers_R
Offset Matrix:
1 -3.63044e-07 -5.59774e-08 -0.668309 
-1.91906e-07 -0.722308 0.691571 0.313827 
-3.43622e-07 -0.691571 -0.722308 4.18713 
-0 0 0 1 

Bone 10: Upper_Arm_L
Offset Matrix:
-5.69969e-07 -0.381313 0.924446 -0.526889 
-0.14983 -0.914011 -0.377009 4.37285 
0.988712 -0.138509 -0.0571314 1.13544 
0 0 0 1 

Bone 11: Lower_Arm_L
Offset Matrix:
-0.00186573 0.953712 0.300716 -3.83673 
-0.0845146 -0.299791 0.950254 -0.90213 
0.996421 -0.023642 0.0811618 0.476437 
0 0 0 1 

Bone 12: Fingers_L
Offset Matrix:
0.0178419 0.937924 0.346382 -3.88982 
-0.058594 -0.344861 0.936823 -1.30323 
0.998123 -0.0370107 0.0488037 0.602688 
-0 0 -0 1 

Bone 13: Lower_Fingers_L
Offset Matrix:
1 -4.9186e-07 -1.90518e-07 0.625313 
-2.15608e-07 -0.722308 0.691571 0.313826 
-4.64307e-07 -0.691571 -0.722308 4.18713 
-0 0 0 1 

Bone 14: Upper_Leg_R
Offset Matrix:
1.49012e-08 0.476139 0.87937 -1.50589 
0.110907 -0.873945 0.473202 3.80751 
0.993831 0.0975279 -0.052807 -1.09395 
-0 0 0 1 

Bone 15: Leg_R
Offset Matrix:
-4.17033e-07 -0.581238 0.813733 1.16595 
-7.75171e-08 -0.813734 -0.581238 2.24526 
1 -2.91447e-07 2.8625e-07 -0.873868 
0 0 0 1 

Bone 16: Lower_Leg_R
Offset Matrix:
-3.24243e-07 0.095757 0.995404 0.506868 
-1.9238e-07 -0.995405 0.0957568 1.19363 
1 -1.4642e-07 3.33127e-07 -0.873868 
0 0 0 1 

Bone 17: Upper_Leg_L
Offset Matrix:
-3.01748e-07 0.476139 0.87937 -1.50589 
-0.110907 -0.873945 0.473202 3.80963 
0.993831 -0.097528 0.0528074 1.07498 
0 0 0 1 

Bone 18: Leg_L
Offset Matrix:
-3.00974e-07 -0.581238 0.813733 1.16595 
-6.8856e-08 -0.813734 -0.581238 2.24526 
1 -2.26488e-07 1.95308e-07 0.854783 
0 0 0 1 

Bone 19: Lower_Leg_L
Offset Matrix:
-5.07507e-07 0.0957567 0.995405 0.506868 
-2.54082e-07 -0.995405 0.0957567 1.19363 
1 -1.99837e-07 5.19922e-07 0.854783 
0 0 0 1 

Bone 20: Control_Foot_R
Offset Matrix:
-1 -5.83494e-10 -1.50995e-07 0.873869 
2.02616e-14 0.999993 -0.00386444 0.0782619 
1.50996e-07 -0.0038643 -0.999993 -0.612528 
0 0 0 1 

Bone 21: Left_Toe1_R
Offset Matrix:
-6.70552e-08 0.988403 0.151853 -0.136501 
-0.41858 -0.13791 0.897648 0.738384 
0.90818 -0.0635627 0.413726 -0.369506 
0 0 0 1 

Bone 22: Left_Toe2_R
Offset Matrix:
2.16067e-07 0.97619 0.216918 -0.128897 
-0.414301 -0.197426 0.88847 0.298121 
0.91014 -0.0898694 0.404436 -0.367234 
-0 0 -0 1 

Bone 23: Right_Toe1_R
Offset Matrix:
-8.56817e-08 0.988403 0.151853 -0.136501 
0.41858 -0.13791 0.897648 -0.0039307 
0.90818 0.0635628 -0.413726 -1.24107 
-0 0 -0 1 

Bone 24: Right_Toe2_R
Offset Matrix:
-1.11759e-07 0.97619 0.216918 -0.128897 
0.4143 -0.197426 0.88847 -0.436603 
0.91014 0.0898692 -0.404436 -1.24682 
-0 0 -0 1 

Bone 25: Mid_Toe1_R
Offset Matrix:
4.25963e-08 0.990445 0.13791 -0.138169 
-1.88741e-07 -0.137911 0.990445 0.554073 
1 -5.89149e-08 1.27665e-07 -0.873869 
-0 0 -0 1 

Bone 26: Mid_Toe2_R
Offset Matrix:
-3.01896e-07 0.980318 0.197425 -0.131427 
-1.87671e-07 -0.197425 0.980318 0.115696 
1 2.68207e-07 1.90181e-07 -0.873869 
-0 0 -0 1 

Bone 27: Control_Heel_R
Offset Matrix:
-1 3.90531e-07 -2.39543e-07 0.873869 
-3.90531e-07 -1 1.35507e-07 0.213262 
-2.39527e-07 -6.98398e-10 1 0.529724 
-0 0 0 1 

Bone 28: Tail1
Offset Matrix:
-6.12442e-07 -0.96727 0.253749 4.1 
-4.84178e-07 -0.253749 -0.96727 0.37486 
1 -6.60115e-07 -1.04126e-07 -0.0183348 
0 0 0 1 

Bone 29: Tail2
Offset Matrix:
6.74337e-07 -0.999724 0.023478 3.75133 
-4.42335e-07 -0.0234781 -0.999724 -1.94874 
1 7.18906e-07 -2.49246e-07 -0.0183402 
-0 0 0 1 

Bone 30: Tail3
Offset Matrix:
3.55071e-07 -0.999385 -0.0350547 3.54175 
-4.51997e-07 0.0350546 -0.999385 -3.68576 
1 4.25838e-07 -2.30473e-07 -0.018339 
-0 0 0 1 

Bone 31: Tail4
Offset Matrix:
4.94854e-07 -0.999406 -0.0344543 3.54481 
-4.52293e-07 0.0344542 -0.999406 -5.09623 
1 5.65284e-07 -2.26175e-07 -0.0183395 
-0 0 0 1 

Bone 32: Tail5
Offset Matrix:
2.92171e-07 -0.977176 0.212429 4.97307 
-4.7376e-07 -0.212429 -0.977177 -5.18547 
1 2.40003e-07 -3.16213e-07 -0.0183389 
-0 0 0 1 

Bone 33: Tail6
Offset Matrix:
-2.00776e-08 -0.835869 0.548929 6.78498 
-3.79962e-07 -0.548929 -0.835869 -3.79008 
1 -1.70213e-07 -9.77779e-08 -0.0183359 
0 0 0 1 

Bone 34: Control_Knee_R
Offset Matrix:
-2.46998e-14 1 -1.94707e-07 -2.50474 
1 -7.64694e-09 -1.26856e-07 -0.873869 
-1.26856e-07 -1.94707e-07 -1 0.954089 
-0 0 0 1 

Bone 35: Control_Foot_L
Offset Matrix:
-1 -3.9146e-07 -2.39536e-07 -0.854782 
-3.90531e-07 0.999993 -0.00386459 0.0782614 
2.41047e-07 -0.0038645 -0.999993 -0.612528 
0 0 0 1 

Bone 36: Left_Toe1_L
Offset Matrix:
5.58794e-08 0.988403 0.151853 -0.136501 
0.41858 -0.13791 0.897648 0.730394 
0.90818 0.0635626 -0.413726 0.352171 
-0 0 0 1 

Bone 37: Left_Toe2_L
Offset Matrix:
-5.0664e-07 0.97619 0.216918 -0.128897 
0.4143 -0.197426 0.88847 0.290213 
0.91014 0.0898696 -0.404436 0.349862 
-0 0 -0 1 

Bone 38: Right_Toe1_L
Offset Matrix:
-2.08616e-07 0.988403 0.151853 -0.136501 
-0.418581 -0.13791 0.897648 0.00405816 
0.90818 -0.0635625 0.413726 1.22373 
0 0 0 1 

Bone 39: Right_Toe2_L
Offset Matrix:
6.70552e-08 0.97619 0.216918 -0.128897 
-0.414301 -0.197426 0.888469 -0.428696 
0.91014 -0.0898693 0.404436 1.22945 
-0 0 -0 1 

Bone 40: Mid_Toe1_L
Offset Matrix:
1.58749e-07 0.990445 0.13791 -0.138169 
-2.36129e-07 -0.137911 0.990445 0.554073 
1 -1.7481e-07 1.15554e-07 0.854782 
-0 0 -0 1 

Bone 41: Mid_Toe2_L
Offset Matrix:
-3.01896e-07 0.980318 0.197425 -0.131428 
-2.30974e-07 -0.197425 0.980318 0.115695 
1 2.65341e-07 1.89604e-07 0.854782 
-0 0 -0 1 

Bone 42: Control_Heel_L
Offset Matrix:
-1 3.90531e-07 -2.39537e-07 -0.854782 
-3.90531e-07 -1 2.87779e-07 0.213261 
-2.39502e-07 1.94879e-07 1 0.529724 
0 0 0 1 

Bone 43: Control_Knee_L
Offset Matrix:
-2.47513e-14 1 -1.94707e-07 -2.50474 
1 -7.91111e-09 -1.2712e-07 0.854782 
-1.2712e-07 -1.94707e-07 -1 0.954089 
-0 0 0 1 

Global Inverse Matrix:
1 0 -0 0 
0 1 -0 0 
-0 -0 1 -0 
0 0 -0 1 

